0.815600, 0.032600, 0.424100, 0.391500, 0.143600, 26.116000, 0.100000, 0.000000
1.545600, -0.731200, 0.407200, 1.138400, 0.143600, -13.304000, 0.100000, 0.000000
0.777000, -0.468800, 0.154100, 0.622900, 0.156600, 26.116000, 0.100000, 0.000000
0.975200, -0.468000, 0.253600, 0.721600, 0.130500, 26.116000, 0.100000, 0.000000
1.417800, -0.850400, 0.283700, 1.134100, 0.104400, 0.000000, 0.100000, 0.000000
1.384000, -0.892400, 0.245800, 1.138200, 0.104400, 0.000000, 0.100000, 0.000000
1.620400, -0.982800, 0.318800, 1.301600, 0.104400, 26.116000, 0.100000, 0.000000
1.629000, -0.985200, 0.321900, 1.307100, 0.104400, 26.116000, 0.100000, 0.000000
1.736400, -1.070000, 0.333200, 1.403200, 0.091400, 0.000000, 0.100000, 0.000000
1.731800, -1.019400, 0.356200, 1.375600, 0.091400, 0.000000, 0.100000, 0.000000
1.611000, -0.861800, 0.374600, 1.236400, 0.078300, -26.116000, 0.100000, 0.000000
1.567200, -0.943000, 0.312100, 1.255100, 0.091400, -26.116000, 0.100000, 0.000000
1.696800, -0.709600, 0.493600, 1.203200, 0.104400, -13.304000, 0.100000, 0.000000
1.652000, -0.818600, 0.416700, 1.235300, 0.091400, 0.000000, 0.100000, 0.000000
1.559600, -0.712600, 0.423500, 1.136100, 0.104400, 26.116000, 0.100000, 0.000000
1.520800, -0.634600, 0.443100, 1.077700, 0.091400, 0.000000, 0.100000, 0.000000
1.474600, -0.545800, 0.464400, 1.010200, 0.091400, 0.000000, 0.100000, 0.000000
1.395800, -0.446600, 0.474600, 0.921200, 0.091400, 0.000000, 0.100000, 0.000000
1.374800, -0.395800, 0.489500, 0.885300, 0.104400, 26.116000, 0.100000, 0.000000
1.218200, 0.015800, 0.617000, 0.601200, 0.104400, -13.304000, 0.100000, 0.000000
0.845200, 0.413200, 0.629200, 0.216000, 0.078300, -26.116000, 0.100000, 0.000000
0.987400, 0.713400, 0.850400, 0.137000, 0.078300, 26.116000, 0.100000, 0.000000
0.843400, 0.808600, 0.826000, 0.017400, 0.078300, 0.000000, 0.100000, 0.000000
0.921800, 1.025000, 0.973400, -0.051600, 0.065200, 0.000000, 0.100000, 0.000000
0.800800, 1.092000, 0.946400, -0.145600, 0.078300, 0.000000, 0.100000, 0.000000
0.608400, 1.203600, 0.906000, -0.297600, 0.078300, -26.116000, 0.100000, 0.000000
0.693000, 1.376200, 1.034600, -0.341600, 0.104400, -13.304000, 0.100000, 0.000000
0.547400, 1.388600, 0.968000, -0.420600, 0.117500, -13.304000, 0.100000, 0.000000
0.505400, 1.459800, 0.982600, -0.477200, 0.104400, 26.116000, 0.100000, 0.000000
0.294200, 1.309400, 0.801800, -0.507600, 0.104400, -26.116000, 0.100000, 0.000000
0.336800, 1.426000, 0.881400, -0.544600, 0.104400, 0.000000, 0.100000, 0.000000
0.126400, 1.298600, 0.712500, -0.586100, 0.104400, -26.116000, 0.100000, 0.000000
-0.030000, 1.205000, 0.587500, -0.617500, 0.117500, -26.115000, 0.100000, 0.000000
-0.016400, 1.280200, 0.631900, -0.648300, 0.117500, 0.000000, 0.100000, 0.000000
0.045200, 1.291400, 0.668300, -0.623100, 0.117500, 26.116000, 0.100000, 0.000000
-0.087800, 1.171600, 0.541900, -0.629700, 0.117500, 0.000000, 0.100000, 0.000000
-0.026400, 1.215800, 0.594700, -0.621100, 0.104400, 0.000000, 0.100000, 0.000000
-0.045800, 1.191800, 0.573000, -0.618800, 0.117500, 26.116000, 0.100000, 0.000000
0.126800, 1.171400, 0.649100, -0.522300, 0.117500, -13.304000, 0.100000, 0.000000
0.072800, 1.203200, 0.638000, -0.565200, 0.104400, 26.116000, 0.100000, 0.000000
0.035800, 1.074600, 0.555200, -0.519400, 0.104400, 0.000000, 0.100000, 0.000000
0.060200, 1.047400, 0.553800, -0.493600, 0.104400, 0.000000, 0.100000, 0.000000
0.245600, 1.046000, 0.645800, -0.400200, 0.104400, 26.116000, 0.100000, 0.000000
0.269400, 0.889200, 0.579300, -0.309900, 0.091400, -26.116000, 0.100000, 0.000000
0.521400, 1.019600, 0.770500, -0.249100, 0.091400, 26.116000, 0.100000, 0.000000
0.634000, 1.004000, 0.819000, -0.185000, 0.104400, -13.304000, 0.100000, 0.000000
0.720000, 1.003600, 0.861800, -0.141800, 0.078300, 0.000000, 0.100000, 0.000000
0.674800, 1.001000, 0.837900, -0.163100, 0.065200, 13.304000, 0.100000, 0.000000
0.906400, 1.007600, 0.957000, -0.050600, 0.091400, 26.116000, 0.100000, 0.000000
0.945200, 1.040800, 0.993000, -0.047800, 0.104400, -13.304000, 0.100000, 0.000000
0.889000, 0.801800, 0.845400, 0.043600, 0.078300, 13.304000, 0.100000, 0.000000
1.104600, 0.627400, 0.866000, 0.238600, 0.104400, 0.000000, 0.100000, 0.000000
1.321400, 0.580800, 0.951100, 0.370300, 0.117500, -13.304000, 0.100000, 0.000000
1.435000, 0.649000, 1.042000, 0.393000, 0.104400, -13.304000, 0.100000, 0.000000
1.268600, 0.480600, 0.874600, 0.394000, 0.117500, 26.116000, 0.100000, 0.000000
1.272000, 0.474000, 0.873000, 0.399000, 0.117500, 26.116000, 0.100000, 0.000000
1.311400, 0.409800, 0.860600, 0.450800, 0.091400, -26.116000, 0.100000, 0.000000
1.274400, 0.421200, 0.847800, 0.426600, 0.117500, 26.116000, 0.100000, 0.000000
1.400000, 0.263800, 0.831900, 0.568100, 0.117500, 26.116000, 0.100000, 0.000000
1.141200, 0.133400, 0.637300, 0.503900, 0.091400, -12.812000, 0.100000, 0.000000
1.321200, 0.239400, 0.780300, 0.540900, 0.130500, -13.304000, 0.100000, 0.000000
1.269800, 0.236400, 0.753100, 0.516700, 0.104400, 0.000000, 0.100000, 0.000000
1.251600, 0.222600, 0.737100, 0.514500, 0.104400, 0.000000, 0.100000, 0.000000
1.196000, 0.054400, 0.625200, 0.570800, 0.104400, -26.116000, 0.100000, 0.000000
1.317400, 0.247800, 0.782600, 0.534800, 0.117500, -13.304000, 0.100000, 0.000000
1.320800, 0.238000, 0.779400, 0.541400, 0.091400, 0.000000, 0.100000, 0.000000
1.150000, 0.222600, 0.686300, 0.463700, 0.117500, 26.116000, 0.100000, 0.000000
1.125400, 0.234600, 0.680000, 0.445400, 0.091400, -26.116000, 0.100000, 0.000000
1.233800, 0.285200, 0.759500, 0.474300, 0.104400, 26.116000, 0.100000, 0.000000
1.189800, 0.335200, 0.762500, 0.427300, 0.091400, 0.000000, 0.100000, 0.000000
1.145000, 0.390800, 0.767900, 0.377100, 0.091400, 0.000000, 0.100000, 0.000000
1.148200, 0.410400, 0.779300, 0.368900, 0.091400, 0.000000, 0.100000, 0.000000
1.024200, 0.382000, 0.703100, 0.321100, 0.078300, 13.304000, 0.100000, 0.000000
1.164200, 0.463800, 0.814000, 0.350200, 0.091400, 0.000000, 0.100000, 0.000000
1.157000, 0.672000, 0.914500, 0.242500, 0.104400, -13.304000, 0.100000, 0.000000
1.012000, 0.756000, 0.884000, 0.128000, 0.091400, 0.000000, 0.100000, 0.000000
1.031000, 0.780800, 0.905900, 0.125100, 0.078300, -26.116000, 0.100000, 0.000000
1.158800, 1.054400, 1.106600, 0.052200, 0.078300, 26.116000, 0.100000, 0.000000
1.053200, 1.062800, 1.058000, -0.004800, 0.091400, 26.116000, 0.100000, 0.000000
0.889200, 0.901600, 0.895400, -0.006200, 0.104400, 0.000000, 0.100000, 0.000000
0.847600, 0.986000, 0.916800, -0.069200, 0.091400, -26.116000, 0.100000, 0.000000
0.854400, 0.969000, 0.911700, -0.057300, 0.091400, -26.116000, 0.100000, 0.000000
0.683600, 0.951600, 0.817600, -0.134000, 0.104400, -26.116000, 0.100000, 0.000000
0.782800, 0.992400, 0.887600, -0.104800, 0.130500, -13.304000, 0.100000, 0.000000
0.757200, 0.957200, 0.857200, -0.100000, 0.104400, 0.000000, 0.100000, 0.000000
0.714200, 0.977400, 0.845800, -0.131600, 0.091400, -26.116000, 0.100000, 0.000000
0.587800, 0.908600, 0.748200, -0.160400, 0.091400, 13.304000, 0.100000, 0.000000
0.670800, 0.967000, 0.818900, -0.148100, 0.104400, 0.000000, 0.100000, 0.000000
0.727000, 1.056400, 0.891700, -0.164700, 0.104400, 26.116000, 0.100000, 0.000000
0.764200, 1.167200, 0.965700, -0.201500, 0.117500, 12.812000, 0.100000, 0.000000
0.617400, 0.957400, 0.787400, -0.170000, 0.104400, 0.000000, 0.100000, 0.000000
0.647600, 0.886000, 0.766800, -0.119200, 0.104400, 0.000000, 0.100000, 0.000000
0.741200, 0.953000, 0.847100, -0.105900, 0.104400, 26.116000, 0.100000, 0.000000
0.756400, 0.934800, 0.845600, -0.089200, 0.104400, 26.116000, 0.100000, 0.000000
0.833200, 1.034600, 0.933900, -0.100700, 0.078300, 0.000000, 0.100000, 0.000000
0.659800, 0.879600, 0.769700, -0.109900, 0.091400, -26.116000, 0.100000, 0.000000
0.966600, 1.091000, 1.028800, -0.062200, 0.104400, 12.812000, 0.100000, 0.000000
0.731800, 0.813800, 0.772800, -0.041000, 0.104400, 0.000000, 0.100000, 0.000000
0.788200, 0.769200, 0.778700, 0.009500, 0.104400, 0.000000, 0.100000, 0.000000
0.914000, 0.836800, 0.875400, 0.038600, 0.104400, 26.116000, 0.100000, 0.000000
0.972200, 0.781800, 0.877000, 0.095200, 0.091400, 0.000000, 0.100000, 0.000000
0.928800, 0.840200, 0.884500, 0.044300, 0.117500, -13.304000, 0.100000, 0.000000
0.912000, 0.733200, 0.822600, 0.089400, 0.078300, 13.304000, 0.100000, 0.000000
1.055800, 0.776200, 0.916000, 0.139800, 0.104400, 26.116000, 0.100000, 0.000000
1.101800, 0.734000, 0.917900, 0.183900, 0.104400, 26.116000, 0.100000, 0.000000
1.072000, 0.607800, 0.839900, 0.232100, 0.104400, 0.000000, 0.100000, 0.000000
1.026200, 0.668200, 0.847200, 0.179000, 0.117500, 26.116000, 0.100000, 0.000000
1.077400, 0.766400, 0.921900, 0.155500, 0.104400, 26.116000, 0.100000, 0.000000
0.905000, 0.581800, 0.743400, 0.161600, 0.091400, 13.304000, 0.100000, 0.000000
0.996000, 0.633800, 0.814900, 0.181100, 0.117500, 26.116000, 0.100000, 0.000000
1.093400, 0.692800, 0.893100, 0.200300, 0.091400, 0.000000, 0.100000, 0.000000
1.076600, 0.699400, 0.888000, 0.188600, 0.078300, -26.116000, 0.100000, 0.000000
1.091200, 0.837400, 0.964300, 0.126900, 0.130500, -26.608000, 0.100000, 0.000000
0.893200, 0.517800, 0.705500, 0.187700, 0.078300, -12.812000, 0.100000, 0.000000
1.016200, 0.715600, 0.865900, 0.150300, 0.091400, 0.000000, 0.100000, 0.000000
1.111200, 0.626200, 0.868700, 0.242500, 0.117500, -13.304000, 0.100000, 0.000000
1.063400, 0.688600, 0.876000, 0.187400, 0.091400, 0.000000, 0.100000, 0.000000
0.951400, 0.656800, 0.804100, 0.147300, 0.104400, 0.000000, 0.100000, 0.000000
1.000800, 0.619800, 0.810300, 0.190500, 0.091400, -26.116000, 0.100000, 0.000000
1.059800, 0.750200, 0.905000, 0.154800, 0.091400, 0.000000, 0.100000, 0.000000
0.994600, 0.661000, 0.827800, 0.166800, 0.104400, 0.000000, 0.100000, 0.000000
1.020200, 0.645600, 0.832900, 0.187300, 0.104400, 0.000000, 0.100000, 0.000000
0.986600, 0.689400, 0.838000, 0.148600, 0.104400, 0.000000, 0.100000, 0.000000
1.063400, 0.763400, 0.913400, 0.150000, 0.117500, -13.304000, 0.100000, 0.000000
1.101400, 0.723800, 0.912600, 0.188800, 0.091400, 0.000000, 0.100000, 0.000000
1.139600, 0.858600, 0.999100, 0.140500, 0.104400, -13.304000, 0.100000, 0.000000
0.986200, 0.671000, 0.828600, 0.157600, 0.117500, 26.116000, 0.100000, 0.000000
1.004000, 0.631600, 0.817800, 0.186200, 0.104400, 0.000000, 0.100000, 0.000000
1.050800, 0.762200, 0.906500, 0.144300, 0.117500, -13.304000, 0.100000, 0.000000
1.079200, 0.725200, 0.902200, 0.177000, 0.104400, 26.116000, 0.100000, 0.000000
1.087000, 0.881800, 0.984400, 0.102600, 0.117500, 12.812000, 0.100000, 0.000000
1.149400, 0.827400, 0.988400, 0.161000, 0.117500, 12.812000, 0.100000, 0.000000
1.045800, 0.748800, 0.897300, 0.148500, 0.104400, 26.116000, 0.100000, 0.000000
0.918200, 0.706600, 0.812400, 0.105800, 0.104400, 0.000000, 0.100000, 0.000000
0.925600, 0.699600, 0.812600, 0.113000, 0.091400, -26.116000, 0.100000, 0.000000
0.942600, 0.683200, 0.812900, 0.129700, 0.104400, 0.000000, 0.100000, 0.000000
0.927200, 0.692600, 0.809900, 0.117300, 0.104400, 0.000000, 0.100000, 0.000000
0.895200, 0.733800, 0.814500, 0.080700, 0.104400, 0.000000, 0.100000, 0.000000
0.901600, 0.741600, 0.821600, 0.080000, 0.091400, -26.116000, 0.100000, 0.000000
1.081600, 0.919000, 1.000300, 0.081300, 0.117500, 12.812000, 0.100000, 0.000000
0.989000, 0.832600, 0.910800, 0.078200, 0.117500, -13.304000, 0.100000, 0.000000
1.120200, 0.870800, 0.995500, 0.124700, 0.117500, 12.812000, 0.100000, 0.000000
1.001000, 0.843200, 0.922100, 0.078900, 0.091400, 0.000000, 0.100000, 0.000000
0.977400, 0.904400, 0.940900, 0.036500, 0.117500, -13.304000, 0.100000, 0.000000
0.927000, 0.803200, 0.865100, 0.061900, 0.091400, -26.116000, 0.100000, 0.000000
1.092400, 0.977400, 1.034900, 0.057500, 0.104400, -13.304000, 0.100000, 0.000000
0.849800, 0.746200, 0.798000, 0.051800, 0.091400, 13.304000, 0.100000, 0.000000
1.069800, 1.024000, 1.046900, 0.022900, 0.130500, -26.608000, 0.100000, 0.000000
0.891600, 0.834600, 0.863100, 0.028500, 0.104400, 0.000000, 0.100000, 0.000000
0.868600, 0.822800, 0.845700, 0.022900, 0.104400, 0.000000, 0.100000, 0.000000
0.807800, 0.705000, 0.756400, 0.051400, 0.130500, 26.116000, 0.100000, 0.000000
0.861400, 0.814800, 0.838100, 0.023300, 0.104400, 0.000000, 0.100000, 0.000000
0.877000, 0.778400, 0.827700, 0.049300, 0.091400, -26.116000, 0.100000, 0.000000
0.851000, 0.776400, 0.813700, 0.037300, 0.104400, 0.000000, 0.100000, 0.000000
0.859200, 0.761600, 0.810400, 0.048800, 0.104400, 0.000000, 0.100000, 0.000000
1.080400, 0.891600, 0.986000, 0.094400, 0.104400, -13.304000, 0.100000, 0.000000
1.009000, 0.804400, 0.906700, 0.102300, 0.117500, -13.304000, 0.100000, 0.000000
0.899600, 0.742400, 0.821000, 0.078600, 0.091400, -26.116000, 0.100000, 0.000000
1.112600, 0.881400, 0.997000, 0.115600, 0.117500, 12.812000, 0.100000, 0.000000
0.836000, 0.649400, 0.742700, 0.093300, 0.091400, 13.304000, 0.100000, 0.000000
1.059600, 0.762600, 0.911100, 0.148500, 0.091400, 0.000000, 0.100000, 0.000000
1.033200, 0.798600, 0.915900, 0.117300, 0.130500, 12.812000, 0.100000, 0.000000
1.073200, 0.754400, 0.913800, 0.159400, 0.104400, 26.116000, 0.100000, 0.000000
0.983400, 0.674800, 0.829100, 0.154300, 0.091400, -26.116000, 0.100000, 0.000000
0.944000, 0.716600, 0.830300, 0.113700, 0.104400, 0.000000, 0.100000, 0.000000
0.929600, 0.719000, 0.824300, 0.105300, 0.091400, -26.116000, 0.100000, 0.000000
1.027800, 0.783400, 0.905600, 0.122200, 0.104400, 26.116000, 0.100000, 0.000000
0.879200, 0.594600, 0.736900, 0.142300, 0.091400, 13.304000, 0.100000, 0.000000
0.982800, 0.659000, 0.820900, 0.161900, 0.104400, 0.000000, 0.100000, 0.000000
1.064800, 0.739200, 0.902000, 0.162800, 0.091400, 0.000000, 0.100000, 0.000000
1.164600, 0.816000, 0.990300, 0.174300, 0.130500, -26.608000, 0.100000, 0.000000
1.021000, 0.784200, 0.902600, 0.118400, 0.104400, 26.116000, 0.100000, 0.000000
0.877800, 0.748600, 0.813200, 0.064600, 0.091400, -26.116000, 0.100000, 0.000000
0.966400, 0.836600, 0.901500, 0.064900, 0.104400, 26.116000, 0.100000, 0.000000
0.898000, 0.728600, 0.813300, 0.084700, 0.104400, 0.000000, 0.100000, 0.000000
0.919000, 0.868200, 0.893600, 0.025400, 0.104400, 26.116000, 0.100000, 0.000000
0.816600, 0.817800, 0.817200, -0.000600, 0.104400, 0.000000, 0.100000, 0.000000
0.872600, 0.767200, 0.819900, 0.052700, 0.091400, -26.116000, 0.100000, 0.000000
0.841600, 0.797400, 0.819500, 0.022100, 0.091400, -26.116000, 0.100000, 0.000000
0.886000, 0.743200, 0.814600, 0.071400, 0.104400, 0.000000, 0.100000, 0.000000
0.745400, 0.704800, 0.725100, 0.020300, 0.091400, 13.304000, 0.100000, 0.000000
0.780600, 0.831800, 0.806200, -0.025600, 0.091400, -26.116000, 0.100000, 0.000000
0.884800, 0.882200, 0.883500, 0.001300, 0.130500, 12.812000, 0.100000, 0.000000
0.844800, 0.903800, 0.874300, -0.029500, 0.091400, 0.000000, 0.100000, 0.000000
0.882400, 0.709800, 0.796100, 0.086300, 0.104400, 0.000000, 0.100000, 0.000000
0.752600, 0.674400, 0.713500, 0.039100, 0.078300, -12.812000, 0.100000, 0.000000
1.005800, 0.944600, 0.975200, 0.030600, 0.104400, -13.304000, 0.100000, 0.000000
1.029200, 0.928800, 0.979000, 0.050200, 0.091400, 26.116000, 0.100000, 0.000000
0.933600, 0.872800, 0.903200, 0.030400, 0.104400, 26.116000, 0.100000, 0.000000
0.856200, 0.793000, 0.824600, 0.031600, 0.091400, -26.116000, 0.100000, 0.000000
0.863200, 0.787400, 0.825300, 0.037900, 0.104400, 0.000000, 0.100000, 0.000000
0.852800, 0.801000, 0.826900, 0.025900, 0.104400, 0.000000, 0.100000, 0.000000
1.042600, 0.822000, 0.932300, 0.110300, 0.104400, 26.116000, 0.100000, 0.000000
0.939600, 0.756000, 0.847800, 0.091800, 0.091400, -26.116000, 0.100000, 0.000000
0.946200, 0.771400, 0.858800, 0.087400, 0.117500, 26.116000, 0.100000, 0.000000
0.922400, 0.618800, 0.770600, 0.151800, 0.091400, 13.304000, 0.100000, 0.000000
1.024400, 0.677400, 0.850900, 0.173500, 0.091400, -26.116000, 0.100000, 0.000000
1.021000, 0.665000, 0.843000, 0.178000, 0.091400, -26.116000, 0.100000, 0.000000
0.920400, 0.599200, 0.759800, 0.160600, 0.091400, 13.304000, 0.100000, 0.000000
1.178800, 0.849000, 1.013900, 0.164900, 0.091400, 26.116000, 0.100000, 0.000000
1.009600, 0.834800, 0.922200, 0.087400, 0.104400, 26.116000, 0.100000, 0.000000
0.907600, 0.577600, 0.742600, 0.165000, 0.104400, -26.116000, 0.100000, 0.000000
0.991600, 0.825600, 0.908600, 0.083000, 0.117500, -13.304000, 0.100000, 0.000000
1.046600, 0.771000, 0.908800, 0.137800, 0.104400, 26.116000, 0.100000, 0.000000
0.936400, 0.699200, 0.817800, 0.118600, 0.104400, 0.000000, 0.100000, 0.000000
0.833600, 0.604000, 0.718800, 0.114800, 0.104400, -26.116000, 0.100000, 0.000000
1.012200, 0.765000, 0.888600, 0.123600, 0.104400, 26.116000, 0.100000, 0.000000
1.027400, 0.801600, 0.914500, 0.112900, 0.104400, 26.116000, 0.100000, 0.000000
1.132800, 0.894600, 1.013700, 0.119100, 0.091400, 26.116000, 0.100000, 0.000000
1.044600, 0.819000, 0.931800, 0.112800, 0.091400, 0.000000, 0.100000, 0.000000
0.928600, 0.767800, 0.848200, 0.080400, 0.091400, -26.116000, 0.100000, 0.000000
0.971800, 0.720200, 0.846000, 0.125800, 0.117500, 26.116000, 0.100000, 0.000000
1.000800, 0.850800, 0.925800, 0.075000, 0.104400, 26.116000, 0.100000, 0.000000
0.857600, 0.808600, 0.833100, 0.024500, 0.117500, 26.116000, 0.100000, 0.000000
1.018600, 0.814400, 0.916500, 0.102100, 0.104400, 26.116000, 0.100000, 0.000000
0.878600, 0.762600, 0.820600, 0.058000, 0.091400, -26.116000, 0.100000, 0.000000
1.076800, 0.914400, 0.995600, 0.081200, 0.130500, -26.608000, 0.100000, 0.000000
0.952600, 0.692200, 0.822400, 0.130200, 0.091400, -26.116000, 0.100000, 0.000000
1.080400, 0.915600, 0.998000, 0.082400, 0.091400, 26.116000, 0.100000, 0.000000
0.922400, 0.730400, 0.826400, 0.096000, 0.104400, 0.000000, 0.100000, 0.000000
1.001800, 0.824600, 0.913200, 0.088600, 0.117500, -13.304000, 0.100000, 0.000000
0.818800, 0.661800, 0.740300, 0.078500, 0.104400, -26.116000, 0.100000, 0.000000
0.898400, 0.736600, 0.817500, 0.080900, 0.104400, 0.000000, 0.100000, 0.000000
0.971200, 0.666200, 0.818700, 0.152500, 0.104400, 0.000000, 0.100000, 0.000000
1.108800, 0.872200, 0.990500, 0.118300, 0.117500, 12.812000, 0.100000, 0.000000
0.832000, 0.649400, 0.740700, 0.091300, 0.091400, 13.304000, 0.100000, 0.000000
0.884600, 0.776600, 0.830600, 0.054000, 0.104400, 0.000000, 0.100000, 0.000000
0.889800, 0.781800, 0.835800, 0.054000, 0.091400, -26.116000, 0.100000, 0.000000
1.104800, 0.904000, 1.004400, 0.100400, 0.130500, -26.608000, 0.100000, 0.000000
0.968400, 0.699000, 0.833700, 0.134700, 0.117500, 26.116000, 0.100000, 0.000000
0.966600, 0.703200, 0.834900, 0.131700, 0.104400, 0.000000, 0.100000, 0.000000
0.951400, 0.728200, 0.839800, 0.111600, 0.078300, 13.304000, 0.100000, 0.000000
0.928200, 0.751200, 0.839700, 0.088500, 0.104400, 0.000000, 0.100000, 0.000000
0.983400, 0.879600, 0.931500, 0.051900, 0.091400, 0.000000, 0.100000, 0.000000
0.974400, 0.878600, 0.926500, 0.047900, 0.117500, -13.304000, 0.100000, 0.000000
0.930400, 0.740800, 0.835600, 0.094800, 0.117500, 26.116000, 0.100000, 0.000000
0.973000, 0.859800, 0.916400, 0.056600, 0.117500, -13.304000, 0.100000, 0.000000
0.893200, 0.766400, 0.829800, 0.063400, 0.104400, 0.000000, 0.100000, 0.000000
0.908200, 0.737600, 0.822900, 0.085300, 0.078300, 13.304000, 0.100000, 0.000000
0.904000, 0.736000, 0.820000, 0.084000, 0.091400, -26.116000, 0.100000, 0.000000
0.798200, 0.845000, 0.821600, -0.023400, 0.104400, 0.000000, 0.100000, 0.000000
0.992200, 0.845200, 0.918700, 0.073500, 0.117500, -13.304000, 0.100000, 0.000000
0.971600, 0.881400, 0.926500, 0.045100, 0.091400, 0.000000, 0.100000, 0.000000
0.976600, 0.872000, 0.924300, 0.052300, 0.117500, -13.304000, 0.100000, 0.000000
0.963000, 0.861800, 0.912400, 0.050600, 0.130500, 12.812000, 0.100000, 0.000000
0.867400, 0.766400, 0.816900, 0.050500, 0.091400, -26.116000, 0.100000, 0.000000
0.851400, 0.776800, 0.814100, 0.037300, 0.104400, 0.000000, 0.100000, 0.000000
1.007600, 0.938200, 0.972900, 0.034700, 0.130500, -26.608000, 0.100000, 0.000000
0.816200, 0.789600, 0.802900, 0.013300, 0.117500, 26.116000, 0.100000, 0.000000
0.885000, 0.719600, 0.802300, 0.082700, 0.091400, -26.116000, 0.100000, 0.000000
0.955400, 0.828800, 0.892100, 0.063300, 0.091400, 0.000000, 0.100000, 0.000000
0.935800, 0.840200, 0.888000, 0.047800, 0.104400, 26.116000, 0.100000, 0.000000
0.938000, 0.844200, 0.891100, 0.046900, 0.104400, 26.116000, 0.100000, 0.000000
1.099000, 0.841600, 0.970300, 0.128700, 0.104400, -13.304000, 0.100000, 0.000000
0.987800, 0.781400, 0.884600, 0.103200, 0.104400, 26.116000, 0.100000, 0.000000
0.955600, 0.774000, 0.864800, 0.090800, 0.104400, 0.000000, 0.100000, 0.000000
0.989400, 0.741800, 0.865600, 0.123800, 0.117500, 26.116000, 0.100000, 0.000000
1.085000, 0.789400, 0.937200, 0.147800, 0.104400, 26.116000, 0.100000, 0.000000
0.935200, 0.587200, 0.761200, 0.174000, 0.078300, -12.812000, 0.100000, 0.000000
0.975200, 0.715400, 0.845300, 0.129900, 0.091400, -26.116000, 0.100000, 0.000000
0.950800, 0.728200, 0.839500, 0.111300, 0.104400, 0.000000, 0.100000, 0.000000
1.020000, 0.803400, 0.911700, 0.108300, 0.130500, 12.812000, 0.100000, 0.000000
0.964600, 0.687000, 0.825800, 0.138800, 0.117500, 26.116000, 0.100000, 0.000000
1.103400, 0.703200, 0.903300, 0.200100, 0.104400, 26.116000, 0.100000, 0.000000
1.022800, 0.768600, 0.895700, 0.127100, 0.104400, 26.116000, 0.100000, 0.000000
0.983000, 0.849000, 0.916000, 0.067000, 0.104400, 26.116000, 0.100000, 0.000000
1.111400, 0.914600, 1.013000, 0.098400, 0.091400, 26.116000, 0.100000, 0.000000
0.993400, 0.879200, 0.936300, 0.057100, 0.078300, -26.116000, 0.100000, 0.000000
1.090400, 0.942200, 1.016300, 0.074100, 0.130500, -26.608000, 0.100000, 0.000000
0.929400, 0.746800, 0.838100, 0.091300, 0.117500, 26.116000, 0.100000, 0.000000
0.905000, 0.740600, 0.822800, 0.082200, 0.104400, 0.000000, 0.100000, 0.000000
0.888800, 0.742800, 0.815800, 0.073000, 0.104400, 0.000000, 0.100000, 0.000000
0.880400, 0.743000, 0.811700, 0.068700, 0.104400, 0.000000, 0.100000, 0.000000
0.957600, 0.824600, 0.891100, 0.066500, 0.104400, 26.116000, 0.100000, 0.000000
0.964600, 0.834600, 0.899600, 0.065000, 0.104400, 26.116000, 0.100000, 0.000000
1.004400, 0.812400, 0.908400, 0.096000, 0.091400, 0.000000, 0.100000, 0.000000
0.931200, 0.741600, 0.836400, 0.094800, 0.078300, 13.304000, 0.100000, 0.000000
1.151600, 0.879600, 1.015600, 0.136000, 0.104400, -13.304000, 0.100000, 0.000000
1.023400, 0.838800, 0.931100, 0.092300, 0.091400, 0.000000, 0.100000, 0.000000
0.921400, 0.756000, 0.838700, 0.082700, 0.117500, 26.116000, 0.100000, 0.000000
0.911200, 0.754000, 0.832600, 0.078600, 0.104400, 0.000000, 0.100000, 0.000000
1.114000, 0.885600, 0.999800, 0.114200, 0.104400, -13.304000, 0.100000, 0.000000
0.896400, 0.607200, 0.751800, 0.144600, 0.104400, -26.116000, 0.100000, 0.000000
1.083600, 0.782600, 0.933100, 0.150500, 0.117500, -13.304000, 0.100000, 0.000000
1.041400, 0.819800, 0.930600, 0.110800, 0.117500, -13.304000, 0.100000, 0.000000
0.979800, 0.869000, 0.924400, 0.055400, 0.104400, 26.116000, 0.100000, 0.000000
0.997000, 0.837000, 0.917000, 0.080000, 0.104400, 26.116000, 0.100000, 0.000000
1.023000, 0.796000, 0.909500, 0.113500, 0.104400, 26.116000, 0.100000, 0.000000
1.036800, 0.801200, 0.919000, 0.117800, 0.117500, -13.304000, 0.100000, 0.000000
1.010000, 0.823000, 0.916500, 0.093500, 0.104400, 26.116000, 0.100000, 0.000000
0.897400, 0.766600, 0.832000, 0.065400, 0.078300, 13.304000, 0.100000, 0.000000
0.977600, 0.848200, 0.912900, 0.064700, 0.104400, 26.116000, 0.100000, 0.000000
0.939000, 0.698400, 0.818700, 0.120300, 0.091400, -26.116000, 0.100000, 0.000000
1.101000, 0.860200, 0.980600, 0.120400, 0.117500, 12.812000, 0.100000, 0.000000
0.951800, 0.668200, 0.810000, 0.141800, 0.104400, 0.000000, 0.100000, 0.000000
0.883000, 0.777400, 0.830200, 0.052800, 0.104400, 0.000000, 0.100000, 0.000000
0.967600, 0.885800, 0.926700, 0.040900, 0.104400, 26.116000, 0.100000, 0.000000
0.920200, 0.761600, 0.840900, 0.079300, 0.104400, 0.000000, 0.100000, 0.000000
0.946800, 0.911800, 0.929300, 0.017500, 0.117500, -13.304000, 0.100000, 0.000000
0.936600, 0.730800, 0.833700, 0.102900, 0.104400, 0.000000, 0.100000, 0.000000
0.856400, 0.788600, 0.822500, 0.033900, 0.117500, 26.116000, 0.100000, 0.000000
1.083000, 1.048200, 1.065600, 0.017400, 0.130500, -0.492000, 0.100000, 0.000000
0.827000, 0.792200, 0.809600, 0.017400, 0.104400, 0.000000, 0.100000, 0.000000
0.867400, 0.741200, 0.804300, 0.063100, 0.091400, -26.116000, 0.100000, 0.000000
0.762000, 0.673800, 0.717900, 0.044100, 0.091400, 13.304000, 0.100000, 0.000000
0.969800, 0.813600, 0.891700, 0.078100, 0.104400, 26.116000, 0.100000, 0.000000
0.905400, 0.714600, 0.810000, 0.095400, 0.104400, 0.000000, 0.100000, 0.000000
0.960600, 0.833000, 0.896800, 0.063800, 0.104400, 26.116000, 0.100000, 0.000000
0.884200, 0.731600, 0.807900, 0.076300, 0.117500, 26.116000, 0.100000, 0.000000
1.052400, 0.893400, 0.972900, 0.079500, 0.117500, 12.812000, 0.100000, 0.000000
0.906600, 0.698200, 0.802400, 0.104200, 0.091400, -26.116000, 0.100000, 0.000000
1.023200, 0.796400, 0.909800, 0.113400, 0.104400, 26.116000, 0.100000, 0.000000
1.015800, 0.854200, 0.935000, 0.080800, 0.104400, 26.116000, 0.100000, 0.000000
0.927000, 0.777200, 0.852100, 0.074900, 0.104400, 0.000000, 0.100000, 0.000000
1.038400, 0.829600, 0.934000, 0.104400, 0.104400, 26.116000, 0.100000, 0.000000
0.973600, 0.716800, 0.845200, 0.128400, 0.104400, 0.000000, 0.100000, 0.000000
0.996200, 0.694000, 0.845100, 0.151100, 0.104400, 0.000000, 0.100000, 0.000000
1.042000, 0.803200, 0.922600, 0.119400, 0.104400, 26.116000, 0.100000, 0.000000
1.045600, 0.789200, 0.917400, 0.128200, 0.117500, -13.304000, 0.100000, 0.000000
1.031000, 0.801000, 0.916000, 0.115000, 0.117500, -13.304000, 0.100000, 0.000000
1.027600, 0.786600, 0.907100, 0.120500, 0.117500, -13.304000, 0.100000, 0.000000
1.021000, 0.770600, 0.895800, 0.125200, 0.091400, 0.000000, 0.100000, 0.000000
0.940400, 0.674800, 0.807600, 0.132800, 0.104400, 0.000000, 0.100000, 0.000000
0.969600, 0.631000, 0.800300, 0.169300, 0.091400, -26.116000, 0.100000, 0.000000
0.904400, 0.703000, 0.803700, 0.100700, 0.117500, 26.116000, 0.100000, 0.000000
0.836000, 0.590200, 0.713100, 0.122900, 0.104400, -26.116000, 0.100000, 0.000000
1.077000, 0.880800, 0.978900, 0.098100, 0.091400, 26.116000, 0.100000, 0.000000
1.061800, 0.887000, 0.974400, 0.087400, 0.104400, -13.304000, 0.100000, 0.000000
0.944200, 0.857600, 0.900900, 0.043300, 0.091400, 0.000000, 0.100000, 0.000000
0.898400, 0.739000, 0.818700, 0.079700, 0.117500, 26.116000, 0.100000, 0.000000
1.015200, 0.773600, 0.894400, 0.120800, 0.117500, -13.304000, 0.100000, 0.000000
0.966000, 0.834800, 0.900400, 0.065600, 0.078300, -26.116000, 0.100000, 0.000000
1.061000, 0.937200, 0.999100, 0.061900, 0.104400, -13.304000, 0.100000, 0.000000
0.878400, 0.792400, 0.835400, 0.043000, 0.091400, -26.116000, 0.100000, 0.000000
0.941200, 0.752000, 0.846600, 0.094600, 0.104400, 0.000000, 0.100000, 0.000000
1.050200, 0.828000, 0.939100, 0.111100, 0.117500, -13.304000, 0.100000, 0.000000
1.057600, 0.814000, 0.935800, 0.121800, 0.104400, 26.116000, 0.100000, 0.000000
0.865800, 0.646600, 0.756200, 0.109600, 0.104400, -26.116000, 0.100000, 0.000000
0.931800, 0.736600, 0.834200, 0.097600, 0.091400, -26.116000, 0.100000, 0.000000
0.870600, 0.615000, 0.742800, 0.127800, 0.104400, -26.116000, 0.100000, 0.000000
0.968800, 0.850600, 0.909700, 0.059100, 0.117500, -13.304000, 0.100000, 0.000000
0.910800, 0.745200, 0.828000, 0.082800, 0.104400, 0.000000, 0.100000, 0.000000
0.966600, 0.689800, 0.828200, 0.138400, 0.104400, 0.000000, 0.100000, 0.000000
0.875200, 0.609000, 0.742100, 0.133100, 0.104400, -26.116000, 0.100000, 0.000000
0.810600, 0.660000, 0.735300, 0.075300, 0.104400, -26.116000, 0.100000, 0.000000
1.028000, 0.770800, 0.899400, 0.128600, 0.104400, 26.116000, 0.100000, 0.000000
0.937000, 0.683600, 0.810300, 0.126700, 0.091400, -26.116000, 0.100000, 0.000000
0.920600, 0.695200, 0.807900, 0.112700, 0.104400, 0.000000, 0.100000, 0.000000
0.948000, 0.662800, 0.805400, 0.142600, 0.091400, -26.116000, 0.100000, 0.000000
0.919600, 0.689200, 0.804400, 0.115200, 0.091400, -26.116000, 0.100000, 0.000000
0.984800, 0.798200, 0.891500, 0.093300, 0.117500, -13.304000, 0.100000, 0.000000
0.989400, 0.778400, 0.883900, 0.105500, 0.130500, 12.812000, 0.100000, 0.000000
0.901800, 0.684000, 0.792900, 0.108900, 0.091400, -26.116000, 0.100000, 0.000000
1.044800, 0.734400, 0.889600, 0.155200, 0.091400, 0.000000, 0.100000, 0.000000
1.046800, 0.769000, 0.907900, 0.138900, 0.104400, 26.116000, 0.100000, 0.000000
1.015600, 0.839000, 0.927300, 0.088300, 0.091400, 0.000000, 0.100000, 0.000000
0.941600, 0.791200, 0.866400, 0.075200, 0.104400, 0.000000, 0.100000, 0.000000
1.082400, 0.850800, 0.966600, 0.115800, 0.091400, 0.000000, 0.100000, 0.000000
1.208200, 1.055600, 1.131900, 0.076300, 0.091400, -13.304000, 0.100000, 0.000000
0.974000, 0.949800, 0.961900, 0.012100, 0.117500, -13.304000, 0.100000, 0.000000
1.046600, 0.848600, 0.947600, 0.099000, 0.117500, -13.304000, 0.100000, 0.000000
0.985800, 0.718000, 0.851900, 0.133900, 0.117500, 26.116000, 0.100000, 0.000000
0.915200, 0.755400, 0.835300, 0.079900, 0.091400, -26.116000, 0.100000, 0.000000
0.951200, 0.860000, 0.905600, 0.045600, 0.091400, 0.000000, 0.100000, 0.000000
0.988000, 0.978200, 0.983100, 0.004900, 0.104400, -13.304000, 0.100000, 0.000000
0.892000, 0.734200, 0.813100, 0.078900, 0.104400, 0.000000, 0.100000, 0.000000
0.911000, 0.707200, 0.809100, 0.101900, 0.091400, -26.116000, 0.100000, 0.000000
0.565600, 0.401800, 0.483700, 0.081900, 0.221900, -26.608000, 0.150000, 0.000000
0.425800, 0.086400, 0.256100, 0.169700, 0.208900, -13.304000, 0.150000, 0.000000
0.435800, 0.247800, 0.341800, 0.094000, 0.182800, -13.304000, 0.150000, 0.000000
0.435400, 0.106400, 0.270900, 0.164500, 0.156600, 0.000000, 0.150000, 0.000000
0.440000, 0.180000, 0.310000, 0.130000, 0.169700, -13.304000, 0.150000, 0.000000
0.494000, 0.086200, 0.290100, 0.203900, 0.156600, 26.116000, 0.150000, 0.000000
0.610600, 0.146200, 0.378400, 0.232200, 0.143600, 26.116000, 0.150000, 0.000000
0.627400, 0.019800, 0.323600, 0.303800, 0.117500, 13.304000, 0.150000, 0.000000
0.773000, 0.141200, 0.457100, 0.315900, 0.143600, 26.116000, 0.150000, 0.000000
0.994600, 0.389800, 0.692200, 0.302400, 0.130500, -13.304000, 0.150000, 0.000000
1.094600, 0.484600, 0.789600, 0.305000, 0.104400, 0.000000, 0.150000, 0.000000
1.223800, 0.557000, 0.890400, 0.333400, 0.104400, 0.000000, 0.150000, 0.000000
1.225000, 0.590400, 0.907700, 0.317300, 0.130500, 26.115000, 0.150000, 0.000000
1.330200, 0.653600, 0.991900, 0.338300, 0.117500, 0.000000, 0.150000, 0.000000
1.337600, 0.774400, 1.056000, 0.281600, 0.143600, -13.304000, 0.150000, 0.000000
1.296200, 0.751200, 1.023700, 0.272500, 0.143600, 26.116000, 0.150000, 0.000000
1.173800, 0.694600, 0.934200, 0.239600, 0.156600, 0.000000, 0.150000, 0.000000
1.132000, 0.722400, 0.927200, 0.204800, 0.169700, 26.116000, 0.150000, 0.000000
1.093200, 0.719800, 0.906500, 0.186700, 0.169700, 26.116000, 0.150000, 0.000000
1.242800, 0.693800, 0.968300, 0.274500, 0.156600, 26.116000, 0.150000, 0.000000
1.115200, 0.788200, 0.951700, 0.163500, 0.156600, 26.116000, 0.150000, 0.000000
1.089600, 0.774400, 0.932000, 0.157600, 0.169700, -13.304000, 0.150000, 0.000000
0.985400, 0.685800, 0.835600, 0.149800, 0.169700, 26.116000, 0.150000, 0.000000
0.834600, 0.624000, 0.729300, 0.105300, 0.156600, -26.116000, 0.150000, 0.000000
1.078000, 0.864000, 0.971000, 0.107000, 0.156600, -13.304000, 0.150000, 0.000000
0.761800, 0.663600, 0.712700, 0.049100, 0.169700, 0.000000, 0.150000, 0.000000
0.794600, 0.774000, 0.784300, 0.010300, 0.143600, -26.116000, 0.150000, 0.000000
0.775200, 0.767400, 0.771300, 0.003900, 0.156600, 0.000000, 0.150000, 0.000000
0.781000, 0.727000, 0.754000, 0.027000, 0.156600, 0.000000, 0.150000, 0.000000
0.780800, 0.861600, 0.821200, -0.040400, 0.169700, -13.304000, 0.150000, 0.000000
0.627400, 0.655600, 0.641500, -0.014100, 0.156600, -26.116000, 0.150000, 0.000000
0.929400, 1.014600, 0.972000, -0.042600, 0.156600, 12.812000, 0.150000, 0.000000
0.708200, 0.724600, 0.716400, -0.008200, 0.143600, -26.116000, 0.150000, 0.000000
0.745200, 0.699800, 0.722500, 0.022700, 0.143600, -26.116000, 0.150000, 0.000000
0.764000, 0.860800, 0.812400, -0.048400, 0.156600, 26.116000, 0.150000, 0.000000
0.782000, 0.854600, 0.818300, -0.036300, 0.143600, 0.000000, 0.150000, 0.000000
0.907400, 0.924000, 0.915700, -0.008300, 0.156600, -13.304000, 0.150000, 0.000000
0.887000, 0.971800, 0.929400, -0.042400, 0.156600, -13.304000, 0.150000, 0.000000
0.922400, 0.967800, 0.945100, -0.022700, 0.156600, -13.304000, 0.150000, 0.000000
0.867400, 0.882400, 0.874900, -0.007500, 0.143600, 0.000000, 0.150000, 0.000000
0.891000, 0.859600, 0.875300, 0.015700, 0.156600, 26.116000, 0.150000, 0.000000
0.774800, 0.792800, 0.783800, -0.009000, 0.156600, 0.000000, 0.150000, 0.000000
0.840800, 0.727600, 0.784200, 0.056600, 0.156600, 0.000000, 0.150000, 0.000000
0.883200, 0.852800, 0.868000, 0.015200, 0.156600, 26.116000, 0.150000, 0.000000
0.845200, 0.723200, 0.784200, 0.061000, 0.130500, 13.304000, 0.150000, 0.000000
0.977600, 0.782600, 0.880100, 0.097500, 0.143600, 0.000000, 0.150000, 0.000000
0.832600, 0.757400, 0.795000, 0.037600, 0.156600, 0.000000, 0.150000, 0.000000
0.922400, 0.837000, 0.879700, 0.042700, 0.143600, 0.000000, 0.150000, 0.000000
1.057200, 0.889400, 0.973300, 0.083900, 0.156600, -13.304000, 0.150000, 0.000000
0.861000, 0.786800, 0.823900, 0.037100, 0.169700, 26.116000, 0.150000, 0.000000
0.830800, 0.802400, 0.816600, 0.014200, 0.143600, -26.116000, 0.150000, 0.000000
0.827800, 0.769200, 0.798500, 0.029300, 0.156600, 0.000000, 0.150000, 0.000000
1.024200, 0.880400, 0.952300, 0.071900, 0.182800, -26.608000, 0.150000, 0.000000
0.809800, 0.721200, 0.765500, 0.044300, 0.156600, 0.000000, 0.150000, 0.000000
0.835400, 0.662600, 0.749000, 0.086400, 0.156600, 0.000000, 0.150000, 0.000000
0.865800, 0.616000, 0.740900, 0.124900, 0.143600, -26.116000, 0.150000, 0.000000
0.983400, 0.673600, 0.828500, 0.154900, 0.156600, 26.116000, 0.150000, 0.000000
0.880800, 0.611200, 0.746000, 0.134800, 0.130500, 13.304000, 0.150000, 0.000000
0.830000, 0.663200, 0.746600, 0.083400, 0.156600, 0.000000, 0.150000, 0.000000
0.879200, 0.611200, 0.745200, 0.134000, 0.156600, 0.000000, 0.150000, 0.000000
0.884200, 0.611600, 0.747900, 0.136300, 0.156600, 0.000000, 0.150000, 0.000000
1.008200, 0.665400, 0.836800, 0.171400, 0.156600, 26.116000, 0.150000, 0.000000
0.963400, 0.723200, 0.843300, 0.120100, 0.156600, 26.116000, 0.150000, 0.000000
0.881800, 0.643000, 0.762400, 0.119400, 0.156600, 0.000000, 0.150000, 0.000000
0.829400, 0.512400, 0.670900, 0.158500, 0.143600, 13.304000, 0.150000, 0.000000
1.019600, 0.665000, 0.842300, 0.177300, 0.169700, -13.304000, 0.150000, 0.000000
0.919200, 0.603200, 0.761200, 0.158000, 0.156600, 0.000000, 0.150000, 0.000000
1.028400, 0.669200, 0.848800, 0.179600, 0.156600, 26.116000, 0.150000, 0.000000
0.997400, 0.712000, 0.854700, 0.142700, 0.156600, 26.116000, 0.150000, 0.000000
1.185000, 0.879200, 1.032100, 0.152900, 0.156600, 12.812000, 0.150000, 0.000000
0.852400, 0.540000, 0.696200, 0.156200, 0.143600, 13.304000, 0.150000, 0.000000
1.034600, 0.708000, 0.871300, 0.163300, 0.130500, -26.116000, 0.150000, 0.000000
1.066800, 0.879000, 0.972900, 0.093900, 0.156600, -13.304000, 0.150000, 0.000000
1.132200, 0.852000, 0.992100, 0.140100, 0.143600, 26.116000, 0.150000, 0.000000
1.024200, 0.784600, 0.904400, 0.119800, 0.143600, 0.000000, 0.150000, 0.000000
0.902600, 0.708600, 0.805600, 0.097000, 0.156600, 0.000000, 0.150000, 0.000000
0.880200, 0.696200, 0.788200, 0.092000, 0.143600, -26.116000, 0.150000, 0.000000
1.032600, 0.853200, 0.942900, 0.089700, 0.169700, 12.812000, 0.150000, 0.000000
0.824400, 0.666600, 0.745500, 0.078900, 0.156600, 0.000000, 0.150000, 0.000000
0.864200, 0.623200, 0.743700, 0.120500, 0.156600, 0.000000, 0.150000, 0.000000
0.945200, 0.721400, 0.833300, 0.111900, 0.169700, -13.304000, 0.150000, 0.000000
0.946200, 0.716000, 0.831100, 0.115100, 0.156600, 26.116000, 0.150000, 0.000000
1.040800, 0.804000, 0.922400, 0.118400, 0.156600, -13.304000, 0.150000, 0.000000
0.851800, 0.658000, 0.754900, 0.096900, 0.169700, 26.116000, 0.150000, 0.000000
0.811000, 0.697200, 0.754100, 0.056900, 0.156600, 0.000000, 0.150000, 0.000000
0.946200, 0.733200, 0.839700, 0.106500, 0.169700, -13.304000, 0.150000, 0.000000
1.025200, 0.821200, 0.923200, 0.102000, 0.143600, 26.116000, 0.150000, 0.000000
0.946200, 0.726200, 0.836200, 0.110000, 0.169700, -13.304000, 0.150000, 0.000000
0.955400, 0.721800, 0.838600, 0.116800, 0.156600, 26.116000, 0.150000, 0.000000
0.977400, 0.714800, 0.846100, 0.131300, 0.156600, 26.116000, 0.150000, 0.000000
1.076800, 0.800000, 0.938400, 0.138400, 0.156600, -13.304000, 0.150000, 0.000000
0.965000, 0.749200, 0.857100, 0.107900, 0.156600, 26.116000, 0.150000, 0.000000
0.826200, 0.751000, 0.788600, 0.037600, 0.156600, 0.000000, 0.150000, 0.000000
0.882400, 0.750800, 0.816600, 0.065800, 0.130500, 13.304000, 0.150000, 0.000000
0.908200, 0.716200, 0.812200, 0.096000, 0.156600, 0.000000, 0.150000, 0.000000
0.901800, 0.891400, 0.896600, 0.005200, 0.169700, -13.304000, 0.150000, 0.000000
0.812200, 0.771400, 0.791800, 0.020400, 0.156600, 0.000000, 0.150000, 0.000000
0.954000, 0.950400, 0.952200, 0.001800, 0.182800, -26.608000, 0.150000, 0.000000
0.828200, 0.871000, 0.849600, -0.021400, 0.156600, 26.116000, 0.150000, 0.000000
0.792200, 0.703200, 0.747700, 0.044500, 0.143600, -26.116000, 0.150000, 0.000000
0.799200, 0.683000, 0.741100, 0.058100, 0.156600, 0.000000, 0.150000, 0.000000
0.748200, 0.726200, 0.737200, 0.011000, 0.143600, -26.116000, 0.150000, 0.000000
1.060200, 0.925400, 0.992800, 0.067400, 0.156600, 12.812000, 0.150000, 0.000000
0.863600, 0.782200, 0.822900, 0.040700, 0.130500, -26.116000, 0.150000, 0.000000
0.993400, 0.825800, 0.909600, 0.083800, 0.156600, -13.304000, 0.150000, 0.000000
0.826200, 0.660000, 0.743100, 0.083100, 0.143600, -26.116000, 0.150000, 0.000000
0.832000, 0.654800, 0.743400, 0.088600, 0.156600, 0.000000, 0.150000, 0.000000
0.906000, 0.768000, 0.837000, 0.069000, 0.156600, 26.116000, 0.150000, 0.000000
0.850200, 0.642000, 0.746100, 0.104100, 0.169700, 26.116000, 0.150000, 0.000000
0.897200, 0.768600, 0.832900, 0.064300, 0.156600, 26.116000, 0.150000, 0.000000
0.954000, 0.714000, 0.834000, 0.120000, 0.156600, 26.116000, 0.150000, 0.000000
0.868800, 0.632400, 0.750600, 0.118200, 0.156600, 0.000000, 0.150000, 0.000000
0.897200, 0.603200, 0.750200, 0.147000, 0.143600, -26.116000, 0.150000, 0.000000
0.896400, 0.617400, 0.756900, 0.139500, 0.130500, 13.304000, 0.150000, 0.000000
0.973400, 0.723000, 0.848200, 0.125200, 0.143600, 0.000000, 0.150000, 0.000000
0.877400, 0.675600, 0.776500, 0.100900, 0.156600, 0.000000, 0.150000, 0.000000
0.894600, 0.693800, 0.794200, 0.100400, 0.143600, -26.116000, 0.150000, 0.000000
1.001400, 0.786800, 0.894100, 0.107300, 0.156600, 26.116000, 0.150000, 0.000000
0.992400, 0.794600, 0.893500, 0.098900, 0.169700, -13.304000, 0.150000, 0.000000
0.875200, 0.720000, 0.797600, 0.077600, 0.143600, -26.116000, 0.150000, 0.000000
0.945400, 0.786600, 0.866000, 0.079400, 0.169700, -13.304000, 0.150000, 0.000000
0.978800, 0.905200, 0.942000, 0.036800, 0.182800, -26.608000, 0.150000, 0.000000
0.999400, 0.850400, 0.924900, 0.074500, 0.156600, -13.304000, 0.150000, 0.000000
0.828200, 0.659400, 0.743800, 0.084400, 0.156600, 0.000000, 0.150000, 0.000000
0.689400, 0.620800, 0.655100, 0.034300, 0.156600, -26.116000, 0.150000, 0.000000
0.905600, 0.723800, 0.814700, 0.090900, 0.169700, -13.304000, 0.150000, 0.000000
0.728200, 0.566600, 0.647400, 0.080800, 0.143600, 13.304000, 0.150000, 0.000000
0.813400, 0.653800, 0.733600, 0.079800, 0.143600, -26.116000, 0.150000, 0.000000
0.831200, 0.645200, 0.738200, 0.093000, 0.130500, 13.304000, 0.150000, 0.000000
0.959800, 0.699000, 0.829400, 0.130400, 0.156600, 26.116000, 0.150000, 0.000000
0.785000, 0.540400, 0.662700, 0.122300, 0.143600, 13.304000, 0.150000, 0.000000
0.862200, 0.805200, 0.833700, 0.028500, 0.156600, 26.116000, 0.150000, 0.000000
1.007200, 0.668800, 0.838000, 0.169200, 0.156600, 26.116000, 0.150000, 0.000000
0.956200, 0.714600, 0.835400, 0.120800, 0.156600, 26.116000, 0.150000, 0.000000
1.001600, 0.668600, 0.835100, 0.166500, 0.156600, 26.116000, 0.150000, 0.000000
0.866800, 0.642800, 0.754800, 0.112000, 0.156600, 0.000000, 0.150000, 0.000000
0.819200, 0.526600, 0.672900, 0.146300, 0.143600, 13.304000, 0.150000, 0.000000
0.982800, 0.713800, 0.848300, 0.134500, 0.143600, 0.000000, 0.150000, 0.000000
1.001200, 0.732000, 0.866600, 0.134600, 0.130500, -26.116000, 0.150000, 0.000000
0.889800, 0.749000, 0.819400, 0.070400, 0.169700, 26.116000, 0.150000, 0.000000
0.861000, 0.762800, 0.811900, 0.049100, 0.143600, -26.116000, 0.150000, 0.000000
0.982600, 0.800000, 0.891300, 0.091300, 0.143600, 0.000000, 0.150000, 0.000000
0.733000, 0.684800, 0.708900, 0.024100, 0.143600, 13.304000, 0.150000, 0.000000
0.817600, 0.735800, 0.776700, 0.040900, 0.156600, 0.000000, 0.150000, 0.000000
0.855600, 0.832600, 0.844100, 0.011500, 0.169700, -13.304000, 0.150000, 0.000000
0.738000, 0.579000, 0.658500, 0.079500, 0.169700, 0.000000, 0.150000, 0.000000
0.773600, 0.692000, 0.732800, 0.040800, 0.156600, 0.000000, 0.150000, 0.000000
1.002400, 0.962600, 0.982500, 0.019900, 0.169700, -26.608000, 0.150000, 0.000000
0.774800, 0.688800, 0.731800, 0.043000, 0.143600, -26.116000, 0.150000, 0.000000
0.900400, 0.738000, 0.819200, 0.081200, 0.156600, 26.116000, 0.150000, 0.000000
0.878600, 0.773800, 0.826200, 0.052400, 0.156600, 26.116000, 0.150000, 0.000000
0.973800, 0.860600, 0.917200, 0.056600, 0.143600, 26.116000, 0.150000, 0.000000
0.917200, 0.745400, 0.831300, 0.085900, 0.169700, -13.304000, 0.150000, 0.000000
0.880600, 0.799200, 0.839900, 0.040700, 0.169700, -13.304000, 0.150000, 0.000000
1.009800, 0.836800, 0.923300, 0.086500, 0.182800, -26.608000, 0.150000, 0.000000
0.852000, 0.652000, 0.752000, 0.100000, 0.130500, 13.304000, 0.150000, 0.000000
0.884000, 0.624800, 0.754400, 0.129600, 0.156600, 0.000000, 0.150000, 0.000000
0.831000, 0.667200, 0.749100, 0.081900, 0.156600, 0.000000, 0.150000, 0.000000
1.231000, 0.949600, 1.090300, 0.140700, 0.156600, -26.608000, 0.150000, 0.000000
1.041000, 0.895600, 0.968300, 0.072700, 0.143600, 26.116000, 0.150000, 0.000000
0.981400, 0.819000, 0.900200, 0.081200, 0.169700, -13.304000, 0.150000, 0.000000
0.923400, 0.864200, 0.893800, 0.029600, 0.156600, 26.116000, 0.150000, 0.000000
0.944200, 0.844200, 0.894200, 0.050000, 0.169700, -13.304000, 0.150000, 0.000000
1.169200, 0.950800, 1.060000, 0.109200, 0.169700, -26.608000, 0.150000, 0.000000
0.949200, 0.822200, 0.885700, 0.063500, 0.156600, 26.116000, 0.150000, 0.000000
0.938400, 0.817000, 0.877700, 0.060700, 0.156600, 26.116000, 0.150000, 0.000000
0.881000, 0.696400, 0.788700, 0.092300, 0.143600, -26.116000, 0.150000, 0.000000
0.970000, 0.748600, 0.859300, 0.110700, 0.169700, -13.304000, 0.150000, 0.000000
0.816600, 0.543600, 0.680100, 0.136500, 0.156600, -26.116000, 0.150000, 0.000000
0.911800, 0.614200, 0.763000, 0.148800, 0.156600, 0.000000, 0.150000, 0.000000
0.924400, 0.767000, 0.845700, 0.078700, 0.156600, 26.116000, 0.150000, 0.000000
0.775200, 0.580000, 0.677600, 0.097600, 0.143600, 13.304000, 0.150000, 0.000000
0.921000, 0.763600, 0.842300, 0.078700, 0.169700, -13.304000, 0.150000, 0.000000
0.953800, 0.712200, 0.833000, 0.120800, 0.143600, 0.000000, 0.150000, 0.000000
0.853600, 0.641000, 0.747300, 0.106300, 0.143600, -26.116000, 0.150000, 0.000000
0.770600, 0.725000, 0.747800, 0.022800, 0.156600, 0.000000, 0.150000, 0.000000
0.906400, 0.749600, 0.828000, 0.078400, 0.143600, 0.000000, 0.150000, 0.000000
0.902600, 0.750800, 0.826700, 0.075900, 0.156600, 26.116000, 0.150000, 0.000000
1.009000, 0.814000, 0.911500, 0.097500, 0.169700, 12.812000, 0.150000, 0.000000
0.956200, 0.689000, 0.822600, 0.133600, 0.143600, 0.000000, 0.150000, 0.000000
0.979000, 0.676600, 0.827800, 0.151200, 0.156600, 26.116000, 0.150000, 0.000000
1.070200, 0.786200, 0.928200, 0.142000, 0.156600, -13.304000, 0.150000, 0.000000
1.022600, 0.706800, 0.864700, 0.157900, 0.156600, 26.116000, 0.150000, 0.000000
1.100200, 0.824800, 0.962500, 0.137700, 0.143600, 26.116000, 0.150000, 0.000000
0.974400, 0.801800, 0.888100, 0.086300, 0.169700, -13.304000, 0.150000, 0.000000
0.898800, 0.708800, 0.803800, 0.095000, 0.156600, 0.000000, 0.150000, 0.000000
1.031600, 0.916600, 0.974100, 0.057500, 0.169700, 12.812000, 0.150000, 0.000000
0.832800, 0.763600, 0.798200, 0.034600, 0.143600, -26.116000, 0.150000, 0.000000
0.878200, 0.704800, 0.791500, 0.086700, 0.143600, -26.116000, 0.150000, 0.000000
1.039600, 0.860800, 0.950200, 0.089400, 0.182800, -26.608000, 0.150000, 0.000000
0.896600, 0.798800, 0.847700, 0.048900, 0.169700, -13.304000, 0.150000, 0.000000
0.844000, 0.670000, 0.757000, 0.087000, 0.156600, 0.000000, 0.150000, 0.000000
0.805000, 0.690800, 0.747900, 0.057100, 0.169700, 26.116000, 0.150000, 0.000000
0.918000, 0.752600, 0.835300, 0.082700, 0.169700, -13.304000, 0.150000, 0.000000
0.856200, 0.647400, 0.751800, 0.104400, 0.143600, -26.116000, 0.150000, 0.000000
0.866000, 0.650600, 0.758300, 0.107700, 0.156600, 0.000000, 0.150000, 0.000000
0.949000, 0.734600, 0.841800, 0.107200, 0.156600, 26.116000, 0.150000, 0.000000
0.843200, 0.667000, 0.755100, 0.088100, 0.143600, -26.116000, 0.150000, 0.000000
0.918400, 0.764600, 0.841500, 0.076900, 0.156600, 26.116000, 0.150000, 0.000000
0.943600, 0.745000, 0.844300, 0.099300, 0.169700, -13.304000, 0.150000, 0.000000
0.863600, 0.655600, 0.759600, 0.104000, 0.143600, -26.116000, 0.150000, 0.000000
0.860600, 0.647200, 0.753900, 0.106700, 0.130500, 13.304000, 0.150000, 0.000000
0.851400, 0.644400, 0.747900, 0.103500, 0.143600, -26.116000, 0.150000, 0.000000
1.026800, 0.807000, 0.916900, 0.109900, 0.156600, -13.304000, 0.150000, 0.000000
0.979000, 0.869200, 0.924100, 0.054900, 0.156600, -13.304000, 0.150000, 0.000000
1.145400, 0.912600, 1.029000, 0.116400, 0.143600, -13.304000, 0.150000, 0.000000
0.999000, 0.898400, 0.948700, 0.050300, 0.156600, -13.304000, 0.150000, 0.000000
1.055400, 0.869400, 0.962400, 0.093000, 0.156600, -13.304000, 0.150000, 0.000000
0.937200, 0.808400, 0.872800, 0.064400, 0.169700, -13.304000, 0.150000, 0.000000
1.093200, 0.839000, 0.966100, 0.127100, 0.156600, -13.304000, 0.150000, 0.000000
1.042200, 0.889800, 0.966000, 0.076200, 0.156600, -13.304000, 0.150000, 0.000000
1.020000, 0.917800, 0.968900, 0.051100, 0.169700, 12.812000, 0.150000, 0.000000
0.980000, 0.771600, 0.875800, 0.104200, 0.156600, 26.116000, 0.150000, 0.000000
0.927600, 0.800000, 0.863800, 0.063800, 0.169700, -13.304000, 0.150000, 0.000000
0.917800, 0.788000, 0.852900, 0.064900, 0.143600, 0.000000, 0.150000, 0.000000
1.029800, 0.828400, 0.929100, 0.100700, 0.156600, -13.304000, 0.150000, 0.000000
1.024600, 0.835200, 0.929900, 0.094700, 0.156600, -13.304000, 0.150000, 0.000000
0.869600, 0.660000, 0.764800, 0.104800, 0.156600, 0.000000, 0.150000, 0.000000
0.966000, 0.728200, 0.847100, 0.118900, 0.156600, 26.116000, 0.150000, 0.000000
0.901200, 0.623000, 0.762100, 0.139100, 0.143600, -26.116000, 0.150000, 0.000000
0.811800, 0.524000, 0.667900, 0.143900, 0.143600, 13.304000, 0.150000, 0.000000
0.923000, 0.760800, 0.841900, 0.081100, 0.169700, -13.304000, 0.150000, 0.000000
0.992200, 0.849400, 0.920800, 0.071400, 0.182800, -26.608000, 0.150000, 0.000000
0.975400, 0.706000, 0.840700, 0.134700, 0.169700, -13.304000, 0.150000, 0.000000
0.870800, 0.627600, 0.749200, 0.121600, 0.143600, -26.116000, 0.150000, 0.000000
0.942800, 0.704200, 0.823500, 0.119300, 0.143600, 0.000000, 0.150000, 0.000000
0.993200, 0.646200, 0.819700, 0.173500, 0.169700, -13.304000, 0.150000, 0.000000
1.024000, 0.636800, 0.830400, 0.193600, 0.156600, 26.116000, 0.150000, 0.000000
0.983400, 0.711400, 0.847400, 0.136000, 0.130500, -26.116000, 0.150000, 0.000000
1.021400, 0.710800, 0.866100, 0.155300, 0.143600, 0.000000, 0.150000, 0.000000
0.987600, 0.770400, 0.879000, 0.108600, 0.156600, 26.116000, 0.150000, 0.000000
0.819800, 0.618400, 0.719100, 0.100700, 0.143600, 13.304000, 0.150000, 0.000000
1.045200, 0.746600, 0.895900, 0.149300, 0.156600, 26.116000, 0.150000, 0.000000
1.000200, 0.799200, 0.899700, 0.100500, 0.156600, 26.116000, 0.150000, 0.000000
0.965200, 0.826400, 0.895800, 0.069400, 0.169700, -13.304000, 0.150000, 0.000000
0.894400, 0.716000, 0.805200, 0.089200, 0.156600, 0.000000, 0.150000, 0.000000
0.861000, 0.710200, 0.785600, 0.075400, 0.156600, 0.000000, 0.150000, 0.000000
0.919400, 0.775000, 0.847200, 0.072200, 0.143600, 0.000000, 0.150000, 0.000000
0.853000, 0.642000, 0.747500, 0.105500, 0.156600, 0.000000, 0.150000, 0.000000
0.813600, 0.665200, 0.739400, 0.074200, 0.156600, 0.000000, 0.150000, 0.000000
0.837600, 0.641200, 0.739400, 0.098200, 0.130500, 13.304000, 0.150000, 0.000000
1.039000, 0.772600, 0.905800, 0.133200, 0.143600, 26.116000, 0.150000, 0.000000
0.835200, 0.634400, 0.734800, 0.100400, 0.143600, -26.116000, 0.150000, 0.000000
0.920400, 0.735200, 0.827800, 0.092600, 0.156600, 26.116000, 0.150000, 0.000000
0.882600, 0.774600, 0.828600, 0.054000, 0.143600, 0.000000, 0.150000, 0.000000
0.929600, 0.742400, 0.836000, 0.093600, 0.156600, 26.116000, 0.150000, 0.000000
0.911000, 0.758200, 0.834600, 0.076400, 0.130500, -26.116000, 0.150000, 0.000000
0.880800, 0.608400, 0.744600, 0.136200, 0.143600, -26.116000, 0.150000, 0.000000
0.934400, 0.727200, 0.830800, 0.103600, 0.130500, -26.116000, 0.150000, 0.000000
0.749600, 0.582600, 0.666100, 0.083500, 0.143600, 13.304000, 0.150000, 0.000000
0.981800, 0.718400, 0.850100, 0.131700, 0.143600, 0.000000, 0.150000, 0.000000
1.070200, 0.824000, 0.947100, 0.123100, 0.156600, -13.304000, 0.150000, 0.000000
0.975000, 0.764800, 0.869900, 0.105100, 0.156600, 26.116000, 0.150000, 0.000000
1.027600, 0.719800, 0.873700, 0.153900, 0.169700, -13.304000, 0.150000, 0.000000
0.968200, 0.790800, 0.879500, 0.088700, 0.143600, 0.000000, 0.150000, 0.000000
0.933600, 0.838800, 0.886200, 0.047400, 0.143600, 0.000000, 0.150000, 0.000000
1.043000, 0.905800, 0.974400, 0.068600, 0.169700, 12.812000, 0.150000, 0.000000
1.073200, 0.874600, 0.973900, 0.099300, 0.169700, 12.812000, 0.150000, 0.000000
0.879000, 0.700000, 0.789500, 0.089500, 0.156600, 0.000000, 0.150000, 0.000000
0.801600, 0.577000, 0.689300, 0.112300, 0.169700, 0.000000, 0.150000, 0.000000
0.927200, 0.771200, 0.849200, 0.078000, 0.156600, 26.116000, 0.150000, 0.000000
0.847000, 0.698000, 0.772500, 0.074500, 0.182800, -13.304000, 0.150000, 0.000000
0.965000, 0.734800, 0.849900, 0.115100, 0.156600, 26.116000, 0.150000, 0.000000
0.910000, 0.607400, 0.758700, 0.151300, 0.156600, 0.000000, 0.150000, 0.000000
0.867400, 0.650400, 0.758900, 0.108500, 0.156600, 0.000000, 0.150000, 0.000000
1.124200, 0.893200, 1.008700, 0.115500, 0.169700, -26.608000, 0.150000, 0.000000
0.541800, 0.403200, 0.472500, 0.069300, 0.143600, 0.000000, 0.100000, 0.000000
0.603600, 0.394000, 0.498800, 0.104800, 0.117500, -26.116000, 0.100000, 0.000000
0.621400, 0.473800, 0.547600, 0.073800, 0.221900, -13.304000, 0.200000, 0.000000
0.449600, 0.174800, 0.312200, 0.137400, 0.235000, 26.116000, 0.200000, 0.000000
0.590400, 0.274200, 0.432300, 0.158100, 0.235000, 12.812000, 0.200000, 0.000000
0.459600, 0.020600, 0.240100, 0.219500, 0.195800, 13.304000, 0.200000, 0.000000
0.592000, 0.059400, 0.325700, 0.266300, 0.195800, -26.116000, 0.200000, 0.000000
0.778600, 0.234000, 0.506300, 0.272300, 0.195800, 26.116000, 0.200000, 0.000000
0.981400, 0.423200, 0.702300, 0.279100, 0.195800, 12.812000, 0.200000, 0.000000
1.003000, 0.322800, 0.662900, 0.340100, 0.182800, 26.116000, 0.200000, 0.000000
0.928800, 0.345800, 0.637300, 0.291500, 0.195800, 26.116000, 0.200000, 0.000000
0.998000, 0.428000, 0.713000, 0.285000, 0.195800, 26.116000, 0.200000, 0.000000
1.163000, 0.581800, 0.872400, 0.290600, 0.169700, 0.000000, 0.200000, 0.000000
1.065000, 0.659400, 0.862200, 0.202800, 0.169700, -26.116000, 0.200000, 0.000000
1.054000, 0.645200, 0.849600, 0.204400, 0.182800, -26.116000, 0.200000, 0.000000
1.226600, 0.911400, 1.069000, 0.157600, 0.195800, -13.304000, 0.200000, 0.000000
1.183800, 0.857800, 1.020800, 0.163000, 0.208900, -13.304000, 0.200000, 0.000000
1.182800, 0.901800, 1.042300, 0.140500, 0.208900, -13.304000, 0.200000, 0.000000
1.036600, 0.892800, 0.964700, 0.071900, 0.221900, -13.304000, 0.200000, 0.000000
1.004000, 0.751400, 0.877700, 0.126300, 0.208900, 0.000000, 0.200000, 0.000000
1.192400, 0.919000, 1.055700, 0.136700, 0.221900, 12.812000, 0.200000, 0.000000
0.970800, 0.805200, 0.888000, 0.082800, 0.221900, 26.116000, 0.200000, 0.000000
1.107400, 0.987600, 1.047500, 0.059900, 0.208900, -13.304000, 0.200000, 0.000000
0.989800, 0.734400, 0.862100, 0.127700, 0.221900, 26.116000, 0.200000, 0.000000
1.012000, 0.849000, 0.930500, 0.081500, 0.208900, 26.116000, 0.200000, 0.000000
0.802000, 0.676400, 0.739200, 0.062800, 0.221900, 0.000000, 0.200000, 0.000000
1.026200, 0.905200, 0.965700, 0.060500, 0.221900, 12.812000, 0.200000, 0.000000
1.082200, 0.802400, 0.942300, 0.139900, 0.208900, -13.304000, 0.200000, 0.000000
0.835200, 0.695600, 0.765400, 0.069800, 0.195800, -26.116000, 0.200000, 0.000000
0.974400, 0.902000, 0.938200, 0.036200, 0.182800, 0.000000, 0.200000, 0.000000
0.887600, 0.833400, 0.860500, 0.027100, 0.221900, -13.304000, 0.200000, 0.000000
0.776400, 0.782000, 0.779200, -0.002800, 0.221900, 26.116000, 0.200000, 0.000000
0.988800, 0.896000, 0.942400, 0.046400, 0.208900, -13.304000, 0.200000, 0.000000
0.848400, 0.845600, 0.847000, 0.001400, 0.235000, 12.812000, 0.200000, 0.000000
0.964000, 0.895000, 0.929500, 0.034500, 0.235000, -26.608000, 0.200000, 0.000000
0.873400, 0.800000, 0.836700, 0.036700, 0.182800, -26.116000, 0.200000, 0.000000
0.864000, 0.828000, 0.846000, 0.018000, 0.182800, -26.116000, 0.200000, 0.000000
0.715800, 0.648000, 0.681900, 0.033900, 0.182800, -12.812000, 0.200000, 0.000000
0.830000, 0.706600, 0.768300, 0.061700, 0.182800, 13.304000, 0.200000, 0.000000
0.899800, 0.823400, 0.861600, 0.038200, 0.195800, 0.000000, 0.200000, 0.000000
0.895400, 0.836600, 0.866000, 0.029400, 0.208900, 26.116000, 0.200000, 0.000000
0.822800, 0.741400, 0.782100, 0.040700, 0.195800, -26.116000, 0.200000, 0.000000
0.788400, 0.597200, 0.692800, 0.095600, 0.208900, -26.116000, 0.200000, 0.000000
1.000200, 0.898200, 0.949200, 0.051000, 0.235000, -26.608000, 0.200000, 0.000000
1.038600, 0.860800, 0.949700, 0.088900, 0.208900, -13.304000, 0.200000, 0.000000
0.972000, 0.762600, 0.867300, 0.104700, 0.221900, -13.304000, 0.200000, 0.000000
0.994000, 0.917600, 0.955800, 0.038200, 0.208900, -13.304000, 0.200000, 0.000000
0.961200, 0.813400, 0.887300, 0.073900, 0.221900, -13.304000, 0.200000, 0.000000
0.918000, 0.837200, 0.877600, 0.040400, 0.195800, 0.000000, 0.200000, 0.000000
0.818600, 0.745000, 0.781800, 0.036800, 0.208900, 0.000000, 0.200000, 0.000000
0.856600, 0.681000, 0.768800, 0.087800, 0.208900, 0.000000, 0.200000, 0.000000
0.843800, 0.687800, 0.765800, 0.078000, 0.195800, -26.116000, 0.200000, 0.000000
0.934800, 0.773000, 0.853900, 0.080900, 0.221900, -13.304000, 0.200000, 0.000000
1.025600, 0.848000, 0.936800, 0.088800, 0.221900, 12.812000, 0.200000, 0.000000
0.977400, 0.720200, 0.848800, 0.128600, 0.235000, 12.812000, 0.200000, 0.000000
1.080400, 0.771000, 0.925700, 0.154700, 0.221900, 12.812000, 0.200000, 0.000000
0.956400, 0.728000, 0.842200, 0.114200, 0.208900, 26.116000, 0.200000, 0.000000
0.890600, 0.605000, 0.747800, 0.142800, 0.208900, 0.000000, 0.200000, 0.000000
0.998000, 0.656600, 0.827300, 0.170700, 0.195800, 0.000000, 0.200000, 0.000000
1.036600, 0.784200, 0.910400, 0.126200, 0.208900, -13.304000, 0.200000, 0.000000
1.057800, 0.779600, 0.918700, 0.139100, 0.195800, 26.116000, 0.200000, 0.000000
1.050000, 0.809800, 0.929900, 0.120100, 0.221900, 12.812000, 0.200000, 0.000000
0.946000, 0.764800, 0.855400, 0.090600, 0.195800, 0.000000, 0.200000, 0.000000
0.959800, 0.776600, 0.868200, 0.091600, 0.182800, -26.116000, 0.200000, 0.000000
0.873600, 0.698600, 0.786100, 0.087500, 0.195800, -26.116000, 0.200000, 0.000000
0.853000, 0.722200, 0.787600, 0.065400, 0.195800, -26.116000, 0.200000, 0.000000
0.916000, 0.808400, 0.862200, 0.053800, 0.208900, 26.116000, 0.200000, 0.000000
1.030600, 0.839400, 0.935000, 0.095600, 0.208900, -13.304000, 0.200000, 0.000000
0.856000, 0.662800, 0.759400, 0.096600, 0.221900, 26.116000, 0.200000, 0.000000
0.987600, 0.715800, 0.851700, 0.135900, 0.208900, 26.116000, 0.200000, 0.000000
0.911800, 0.793800, 0.852800, 0.059000, 0.195800, 0.000000, 0.200000, 0.000000
0.999600, 0.718000, 0.858800, 0.140800, 0.182800, -26.116000, 0.200000, 0.000000
0.888400, 0.650800, 0.769600, 0.118800, 0.195800, -26.116000, 0.200000, 0.000000
0.918800, 0.623600, 0.771200, 0.147600, 0.208900, 0.000000, 0.200000, 0.000000
0.930200, 0.771800, 0.851000, 0.079200, 0.195800, 0.000000, 0.200000, 0.000000
0.940600, 0.754600, 0.847600, 0.093000, 0.208900, 26.116000, 0.200000, 0.000000
1.094200, 0.926600, 1.010400, 0.083800, 0.195800, -13.304000, 0.200000, 0.000000
1.045800, 0.817400, 0.931600, 0.114200, 0.195800, 26.116000, 0.200000, 0.000000
0.901000, 0.628400, 0.764700, 0.136300, 0.195800, -26.116000, 0.200000, 0.000000
1.077200, 0.820000, 0.948600, 0.128600, 0.195800, 26.116000, 0.200000, 0.000000
1.132800, 0.959800, 1.046300, 0.086500, 0.208900, 12.812000, 0.200000, 0.000000
0.915000, 0.871800, 0.893400, 0.021600, 0.195800, 0.000000, 0.200000, 0.000000
0.917400, 0.867400, 0.892400, 0.025000, 0.221900, -13.304000, 0.200000, 0.000000
0.980400, 0.975600, 0.978000, 0.002400, 0.195800, 26.116000, 0.200000, 0.000000
1.010600, 0.925000, 0.967800, 0.042800, 0.208900, -13.304000, 0.200000, 0.000000
0.793800, 0.781600, 0.787700, 0.006100, 0.235000, -13.304000, 0.200000, 0.000000
0.937000, 0.784400, 0.860700, 0.076300, 0.195800, 0.000000, 0.200000, 0.000000
0.791200, 0.755800, 0.773500, 0.017700, 0.208900, 0.000000, 0.200000, 0.000000
1.042800, 0.840400, 0.941600, 0.101200, 0.235000, -26.608000, 0.200000, 0.000000
1.035000, 0.844000, 0.939500, 0.095500, 0.208900, -13.304000, 0.200000, 0.000000
1.020400, 0.856400, 0.938400, 0.082000, 0.208900, -13.304000, 0.200000, 0.000000
0.912000, 0.778400, 0.845200, 0.066800, 0.235000, 12.812000, 0.200000, 0.000000
0.899000, 0.783200, 0.841100, 0.057900, 0.208900, 26.116000, 0.200000, 0.000000
0.885600, 0.613800, 0.749700, 0.135900, 0.195800, -26.116000, 0.200000, 0.000000
0.946800, 0.703000, 0.824900, 0.121900, 0.195800, 0.000000, 0.200000, 0.000000
0.919800, 0.731600, 0.825700, 0.094100, 0.208900, 26.116000, 0.200000, 0.000000
0.855600, 0.628000, 0.741800, 0.113800, 0.195800, -26.116000, 0.200000, 0.000000
1.047000, 0.804600, 0.925800, 0.121200, 0.195800, 26.116000, 0.200000, 0.000000
0.961400, 0.765400, 0.863400, 0.098000, 0.195800, 0.000000, 0.200000, 0.000000
1.003600, 0.947600, 0.975600, 0.028000, 0.235000, -26.608000, 0.200000, 0.000000
0.930400, 0.850600, 0.890500, 0.039900, 0.182800, -26.116000, 0.200000, 0.000000
0.828800, 0.783000, 0.805900, 0.022900, 0.221900, 26.116000, 0.200000, 0.000000
0.927400, 0.844400, 0.885900, 0.041500, 0.208900, 26.116000, 0.200000, 0.000000
0.814200, 0.766200, 0.790200, 0.024000, 0.208900, 0.000000, 0.200000, 0.000000
0.981000, 0.753400, 0.867200, 0.113800, 0.195800, 0.000000, 0.200000, 0.000000
0.906400, 0.819600, 0.863000, 0.043400, 0.208900, 26.116000, 0.200000, 0.000000
1.062400, 0.835400, 0.948900, 0.113500, 0.208900, -13.304000, 0.200000, 0.000000
0.990800, 0.742200, 0.866500, 0.124300, 0.208900, 26.116000, 0.200000, 0.000000
1.045800, 0.864200, 0.955000, 0.090800, 0.208900, -13.304000, 0.200000, 0.000000
1.081000, 0.811000, 0.946000, 0.135000, 0.169700, -26.116000, 0.200000, 0.000000
1.029200, 0.690400, 0.859800, 0.169400, 0.182800, -26.116000, 0.200000, 0.000000
0.908400, 0.632200, 0.770300, 0.138100, 0.221900, 26.116000, 0.200000, 0.000000
1.180200, 0.853800, 1.017000, 0.163200, 0.195800, -13.304000, 0.200000, 0.000000
1.023800, 0.840000, 0.931900, 0.091900, 0.182800, 0.000000, 0.200000, 0.000000
1.098600, 0.775000, 0.936800, 0.161800, 0.208900, -13.304000, 0.200000, 0.000000
1.170400, 0.899000, 1.034700, 0.135700, 0.195800, -13.304000, 0.200000, 0.000000
0.892600, 0.693600, 0.793100, 0.099500, 0.208900, 0.000000, 0.200000, 0.000000
0.987200, 0.774800, 0.881000, 0.106200, 0.195800, 0.000000, 0.200000, 0.000000
0.954800, 0.803800, 0.879300, 0.075500, 0.195800, 0.000000, 0.200000, 0.000000
0.974800, 0.767400, 0.871100, 0.103700, 0.208900, 26.116000, 0.200000, 0.000000
0.930400, 0.798400, 0.864400, 0.066000, 0.221900, -13.304000, 0.200000, 0.000000
0.847600, 0.693200, 0.770400, 0.077200, 0.208900, 0.000000, 0.200000, 0.000000
0.715800, 0.474000, 0.594900, 0.120900, 0.195800, -12.812000, 0.200000, 0.000000
1.123600, 0.926600, 1.025100, 0.098500, 0.221900, -26.608000, 0.200000, 0.000000
1.042200, 0.842000, 0.942100, 0.100100, 0.195800, 26.116000, 0.200000, 0.000000
1.068800, 0.818400, 0.943600, 0.125200, 0.195800, 26.116000, 0.200000, 0.000000
0.995400, 0.730400, 0.862900, 0.132500, 0.235000, 12.812000, 0.200000, 0.000000
0.964400, 0.742400, 0.853400, 0.111000, 0.208900, 26.116000, 0.200000, 0.000000
1.120200, 0.926000, 1.023100, 0.097100, 0.208900, 12.812000, 0.200000, 0.000000
0.959600, 0.732200, 0.845900, 0.113700, 0.208900, 26.116000, 0.200000, 0.000000
1.113800, 0.742000, 0.927900, 0.185900, 0.195800, 26.116000, 0.200000, 0.000000
1.065000, 0.856600, 0.960800, 0.104200, 0.195800, 26.116000, 0.200000, 0.000000
1.161000, 0.952600, 1.056800, 0.104200, 0.208900, 12.812000, 0.200000, 0.000000
0.854000, 0.757200, 0.805600, 0.048400, 0.208900, 0.000000, 0.200000, 0.000000
0.936800, 0.837800, 0.887300, 0.049500, 0.195800, 0.000000, 0.200000, 0.000000
0.947000, 0.817000, 0.882000, 0.065000, 0.182800, -26.116000, 0.200000, 0.000000
0.925800, 0.816200, 0.871000, 0.054800, 0.221900, -13.304000, 0.200000, 0.000000
0.850800, 0.705600, 0.778200, 0.072600, 0.208900, 0.000000, 0.200000, 0.000000
0.921600, 0.794200, 0.857900, 0.063700, 0.235000, 12.812000, 0.200000, 0.000000
0.986400, 0.724600, 0.855500, 0.130900, 0.208900, 26.116000, 0.200000, 0.000000
0.919000, 0.627200, 0.773100, 0.145900, 0.208900, 0.000000, 0.200000, 0.000000
1.014400, 0.707400, 0.860900, 0.153500, 0.208900, 26.116000, 0.200000, 0.000000
1.069200, 0.811600, 0.940400, 0.128800, 0.208900, -13.304000, 0.200000, 0.000000
1.059600, 0.792400, 0.926000, 0.133600, 0.195800, 26.116000, 0.200000, 0.000000
1.010200, 0.655000, 0.832600, 0.177600, 0.208900, 26.116000, 0.200000, 0.000000
0.995800, 0.678000, 0.836900, 0.158900, 0.195800, 0.000000, 0.200000, 0.000000
1.122400, 0.744600, 0.933500, 0.188900, 0.182800, 0.000000, 0.200000, 0.000000
1.183200, 0.874400, 1.028800, 0.154400, 0.182800, 26.116000, 0.200000, 0.000000
0.992200, 0.743600, 0.867900, 0.124300, 0.195800, 0.000000, 0.200000, 0.000000
0.875800, 0.694400, 0.785100, 0.090700, 0.208900, 0.000000, 0.200000, 0.000000
1.119200, 0.955000, 1.037100, 0.082100, 0.221900, -26.608000, 0.200000, 0.000000
0.781200, 0.606000, 0.693600, 0.087600, 0.195800, 13.304000, 0.200000, 0.000000
0.975400, 0.738800, 0.857100, 0.118300, 0.195800, 0.000000, 0.200000, 0.000000
0.992000, 0.872200, 0.932100, 0.059900, 0.208900, -13.304000, 0.200000, 0.000000
1.124600, 0.907200, 1.015900, 0.108700, 0.208900, 12.812000, 0.200000, 0.000000
0.949400, 0.754400, 0.851900, 0.097500, 0.195800, 0.000000, 0.200000, 0.000000
1.067000, 0.823800, 0.945400, 0.121600, 0.195800, 26.116000, 0.200000, 0.000000
0.970200, 0.745400, 0.857800, 0.112400, 0.235000, 12.812000, 0.200000, 0.000000
0.885200, 0.659000, 0.772100, 0.113100, 0.195800, -26.116000, 0.200000, 0.000000
1.074200, 0.969200, 1.021700, 0.052500, 0.208900, 12.812000, 0.200000, 0.000000
0.952000, 0.731800, 0.841900, 0.110100, 0.208900, 26.116000, 0.200000, 0.000000
1.063600, 0.783200, 0.923400, 0.140200, 0.208900, -13.304000, 0.200000, 0.000000
1.015600, 0.679400, 0.847500, 0.168100, 0.208900, 26.116000, 0.200000, 0.000000
1.145800, 0.908600, 1.027200, 0.118600, 0.221900, -26.608000, 0.200000, 0.000000
1.082400, 0.975800, 1.029100, 0.053300, 0.221900, -26.608000, 0.200000, 0.000000
1.075000, 0.821600, 0.948300, 0.126700, 0.195800, 26.116000, 0.200000, 0.000000
0.860400, 0.718000, 0.789200, 0.071200, 0.182800, 13.304000, 0.200000, 0.000000
0.945800, 0.803000, 0.874400, 0.071400, 0.208900, 26.116000, 0.200000, 0.000000
1.019200, 0.892400, 0.955800, 0.063400, 0.208900, -13.304000, 0.200000, 0.000000
1.045400, 0.853800, 0.949600, 0.095800, 0.195800, 26.116000, 0.200000, 0.000000
0.796000, 0.612800, 0.704400, 0.091600, 0.182800, -12.812000, 0.200000, 0.000000
0.794200, 0.574000, 0.684100, 0.110100, 0.221900, 0.000000, 0.200000, 0.000000
1.024400, 0.824800, 0.924600, 0.099800, 0.208900, -13.304000, 0.200000, 0.000000
1.042600, 0.783400, 0.913000, 0.129600, 0.208900, -13.304000, 0.200000, 0.000000
0.824600, 0.470800, 0.647700, 0.176900, 0.182800, -12.812000, 0.200000, 0.000000
1.178000, 0.818200, 0.998100, 0.179900, 0.221900, -26.608000, 0.200000, 0.000000
1.140000, 0.893000, 1.016500, 0.123500, 0.221900, -26.608000, 0.200000, 0.000000
1.191600, 0.868000, 1.029800, 0.161800, 0.221900, -26.608000, 0.200000, 0.000000
1.013200, 0.709000, 0.861100, 0.152100, 0.208900, 26.116000, 0.200000, 0.000000
0.975000, 0.752800, 0.863900, 0.111100, 0.195800, 0.000000, 0.200000, 0.000000
0.969800, 0.761800, 0.865800, 0.104000, 0.208900, 26.116000, 0.200000, 0.000000
1.094800, 0.783200, 0.939000, 0.155800, 0.208900, -13.304000, 0.200000, 0.000000
0.965000, 0.736600, 0.850800, 0.114200, 0.208900, 26.116000, 0.200000, 0.000000
0.906800, 0.613200, 0.760000, 0.146800, 0.221900, 26.116000, 0.200000, 0.000000
1.083600, 0.946000, 1.014800, 0.068800, 0.208900, 12.812000, 0.200000, 0.000000
0.946800, 0.771200, 0.859000, 0.087800, 0.221900, -13.304000, 0.200000, 0.000000
1.020400, 0.697800, 0.859100, 0.161300, 0.208900, 26.116000, 0.200000, 0.000000
1.007400, 0.691000, 0.849200, 0.158200, 0.182800, -26.116000, 0.200000, 0.000000
1.041800, 0.824400, 0.933100, 0.108700, 0.235000, -26.608000, 0.200000, 0.000000
0.825400, 0.698600, 0.762000, 0.063400, 0.235000, -13.304000, 0.200000, 0.000000
0.977200, 0.702000, 0.839600, 0.137600, 0.182800, -26.116000, 0.200000, 0.000000
0.999000, 0.652800, 0.825900, 0.173100, 0.208900, 26.116000, 0.200000, 0.000000
0.964400, 0.679200, 0.821800, 0.142600, 0.208900, 26.116000, 0.200000, 0.000000
1.147600, 0.847600, 0.997600, 0.150000, 0.195800, -13.304000, 0.200000, 0.000000
1.090000, 0.755600, 0.922800, 0.167200, 0.195800, 26.116000, 0.200000, 0.000000
1.065600, 0.796800, 0.931200, 0.134400, 0.195800, 26.116000, 0.200000, 0.000000
0.633400, 0.498000, 0.565700, 0.067700, 0.156600, 12.812000, 0.100000, 0.000000
